8.158336e+01 1.157029e+02
8.493163e+01 1.147226e+02
8.269587e+01 1.071128e+02
8.683250e+01 1.096215e+02
9.932978e+01 7.513212e+01
8.133671e+01 1.097496e+02
1.018940e+02 7.037988e+01
1.210972e+02 9.859735e+01
8.146337e+01 1.131800e+02
1.134668e+02 9.759832e+01
1.170439e+02 1.005918e+02
8.642865e+01 1.079098e+02
1.124975e+02 1.028768e+02
1.180789e+02 1.003735e+02
1.171450e+02 1.003519e+02
1.140542e+02 1.016846e+02
8.292065e+01 1.164784e+02
8.469722e+01 1.132607e+02
8.140045e+01 1.055629e+02
9.086356e+01 1.073749e+02
1.283628e+02 9.864756e+01
1.046724e+02 6.707336e+01
8.311030e+01 1.151661e+02
8.386525e+01 1.154590e+02
1.200664e+02 9.820957e+01
1.133931e+02 1.012715e+02
1.001252e+02 7.236287e+01
9.755846e+01 7.092262e+01
8.850313e+01 1.090362e+02
1.166963e+02 1.011346e+02
1.260677e+02 9.951433e+01
8.515997e+01 1.140539e+02
1.198993e+02 1.005673e+02
9.020494e+01 1.040806e+02
1.225648e+02 1.007842e+02
1.002300e+02 7.059668e+01
1.224572e+02 1.000536e+02
1.204438e+02 9.942357e+01
1.129125e+02 1.008430e+02
1.185381e+02 1.000941e+02
1.242248e+02 9.692611e+01
8.523155e+01 1.087812e+02
1.231406e+02 9.981596e+01
8.476829e+01 1.114229e+02
8.390089e+01 1.149055e+02
1.063934e+02 1.011569e+02
1.149136e+02 1.013583e+02
8.633570e+01 1.115828e+02
1.196920e+02 1.018515e+02
8.466096e+01 1.229549e+02
1.213058e+02 9.885426e+01
8.399329e+01 1.143530e+02
1.087940e+02 9.776324e+01
9.813994e+01 6.927884e+01
1.159170e+02 1.001958e+02
8.096920e+01 1.103380e+02
1.274426e+02 9.986246e+01
8.592000e+01 1.124211e+02
1.111553e+02 1.014337e+02
1.274318e+02 1.004744e+02
1.171437e+02 9.900468e+01
8.778848e+01 1.142860e+02
8.306647e+01 1.156525e+02
1.160849e+02 1.009674e+02
9.039857e+01 1.225581e+02
1.158315e+02 1.021616e+02
1.212727e+02 9.597273e+01
8.840834e+01 1.155803e+02
9.102527e+01 1.116638e+02
1.205834e+02 1.015782e+02
1.246368e+02 1.009751e+02
1.311710e+02 1.026082e+02
1.105058e+02 1.000203e+02
1.031671e+02 6.933425e+01
1.185144e+02 1.023100e+02
8.334829e+01 1.150308e+02
1.145797e+02 9.972545e+01
1.206557e+02 9.787290e+01
8.780129e+01 1.178367e+02
1.178622e+02 1.016072e+02
8.282206e+01 1.071598e+02
1.112609e+02 9.997935e+01
8.319062e+01 1.084984e+02
8.163481e+01 1.085801e+02
8.912692e+01 1.125327e+02
1.198462e+02 9.697213e+01
1.154165e+02 9.978865e+01
8.610742e+01 1.126089e+02
1.176822e+02 1.014743e+02
1.160503e+02 9.908073e+01
8.090395e+01 1.140449e+02
8.083060e+01 1.120955e+02
8.596049e+01 1.114525e+02
1.217023e+02 9.723906e+01
1.109906e+02 9.855316e+01
1.206659e+02 1.015693e+02
1.138478e+02 9.767520e+01
1.157663e+02 1.014866e+02
8.314876e+01 1.133615e+02
8.303494e+01 1.156935e+02
1.211866e+02 9.866069e+01
9.310588e+01 1.129484e+02
1.162319e+02 1.004216e+02
9.043726e+01 1.134642e+02
8.826297e+01 1.123583e+02
1.228076e+02 9.943586e+01
1.100447e+02 1.005822e+02
1.170118e+02 1.016655e+02
1.173357e+02 1.010174e+02
8.342402e+01 1.061404e+02
1.011004e+02 7.130069e+01
8.824039e+01 1.107256e+02
8.486308e+01 1.158082e+02
1.137986e+02 9.988742e+01
1.025254e+02 7.494692e+01
1.183029e+02 9.684304e+01
1.160423e+02 9.920214e+01
1.133785e+02 9.961678e+01
8.013968e+01 1.165358e+02
8.385091e+01 1.099920e+02
7.939691e+01 1.112577e+02
1.173096e+02 1.001475e+02
7.926852e+01 1.106910e+02
1.165878e+02 1.020942e+02
1.092584e+02 1.032857e+02
8.941808e+01 1.116308e+02
8.906225e+01 1.213194e+02
1.032238e+02 7.303029e+01
1.176122e+02 9.858355e+01
1.214331e+02 1.026098e+02
1.196365e+02 9.975100e+01
1.221315e+02 1.006354e+02
9.833404e+01 7.766558e+01
1.208226e+02 9.801004e+01
1.183467e+02 9.784398e+01
1.170509e+02 1.009887e+02
8.369942e+01 1.126487e+02
1.135211e+02 1.006489e+02
1.197476e+02 1.023572e+02
1.207613e+02 9.879124e+01
1.137789e+02 1.021229e+02
9.866170e+01 6.723179e+01
8.065786e+01 1.166102e+02
9.070483e+01 1.149042e+02
1.125816e+02 1.027333e+02
8.570798e+01 1.151438e+02
8.378180e+01 1.180278e+02
1.199727e+02 9.700685e+01
1.121279e+02 1.014675e+02
8.973967e+01 1.107898e+02
8.462711e+01 1.078309e+02
8.741206e+01 1.105476e+02
1.209926e+02 9.722733e+01
8.512596e+01 1.117826e+02
8.498467e+01 1.177429e+02
8.413113e+01 1.089068e+02
8.887112e+01 1.097941e+02
1.235149e+02 1.028522e+02
9.820350e+01 7.451142e+01
8.545579e+01 1.128802e+02
8.260144e+01 1.169000e+02
1.178829e+02 9.876386e+01
1.160069e+02 1.013856e+02
1.202630e+02 9.651967e+01
8.067827e+01 1.135149e+02
1.093742e+02 1.031229e+02
1.226336e+02 1.000252e+02
8.322341e+01 1.126697e+02
1.201530e+02 9.918807e+01
8.349974e+01 1.137817e+02
1.191590e+02 1.007879e+02
1.158153e+02 9.595853e+01
8.477576e+01 1.144308e+02
9.531352e+01 7.376667e+01
8.715240e+01 1.115903e+02
1.143707e+02 1.015147e+02
1.140622e+02 1.014788e+02
1.260961e+02 9.966323e+01
8.528187e+01 1.158670e+02
8.687482e+01 1.102517e+02
8.452359e+01 1.122091e+02
1.083947e+02 9.867871e+01
1.176444e+02 1.019501e+02
1.166202e+02 1.014840e+02
8.386811e+01 1.142817e+02
1.201055e+02 9.852374e+01
8.258414e+01 1.139870e+02
1.151264e+02 9.817277e+01
1.216161e+02 9.940691e+01
8.511164e+01 1.164630e+02
7.604735e+01 1.121631e+02
1.157749e+02 9.916094e+01
8.405104e+01 1.092374e+02
8.773097e+01 1.139143e+02
1.187262e+02 9.778813e+01
1.153351e+02 9.875800e+01
1.154610e+02 9.702702e+01
8.571592e+01 1.232811e+02
8.343034e+01 1.042911e+02
8.302015e+01 1.147043e+02
1.209998e+02 9.937382e+01
1.172584e+02 1.007204e+02
1.222283e+02 9.891163e+01
8.943836e+01 1.140660e+02
9.843657e+01 7.437399e+01
8.429748e+01 1.148840e+02
1.203609e+02 9.785184e+01
1.100306e+02 1.036288e+02
1.221956e+02 1.003121e+02
8.427287e+01 1.137780e+02
8.034190e+01 1.142272e+02
1.089562e+02 6.900996e+01
1.185698e+02 1.028494e+02
8.783438e+01 1.134948e+02
1.164884e+02 1.010705e+02
8.731837e+01 1.107450e+02
1.172372e+02 1.021585e+02
8.226368e+01 1.082874e+02
1.136833e+02 9.780065e+01
8.310973e+01 1.093039e+02
8.574122e+01 1.097216e+02
1.246958e+02 9.853233e+01
1.132976e+02 9.960142e+01
8.408862e+01 1.073079e+02
1.145832e+02 9.899816e+01
1.215369e+02 9.766511e+01
1.216361e+02 9.864140e+01
8.998823e+01 1.113104e+02
1.130723e+02 1.002910e+02
1.205090e+02 1.012158e+02
8.640151e+01 1.142167e+02
8.596615e+01 1.102411e+02
1.230310e+02 9.881877e+01
1.195061e+02 9.981959e+01
8.158654e+01 1.103677e+02
8.742974e+01 1.180757e+02
9.951501e+01 7.275772e+01
8.684715e+01 1.122268e+02
1.207992e+02 1.014673e+02
8.599147e+01 1.166593e+02
8.371691e+01 1.112418e+02
8.865557e+01 1.048169e+02
1.138196e+02 1.021789e+02
1.186146e+02 9.989882e+01
8.240821e+01 1.205486e+02
1.125795e+02 9.945235e+01
1.202391e+02 9.864347e+01
8.178337e+01 1.098667e+02
1.138151e+02 9.854321e+01
1.138415e+02 1.025484e+02
1.173937e+02 9.864155e+01
1.160168e+02 9.831694e+01
1.176968e+02 9.810965e+01
8.643555e+01 1.135069e+02
1.232523e+02 1.010664e+02
8.525508e+01 1.159130e+02
1.099175e+02 1.000793e+02
8.575705e+01 1.123376e+02
1.191907e+02 9.762594e+01
8.215279e+01 1.118062e+02
8.297995e+01 1.109214e+02
8.899737e+01 1.181245e+02
1.026508e+02 6.667590e+01
1.241504e+02 1.005239e+02
7.875814e+01 1.110814e+02
1.269071e+02 9.998677e+01
1.176183e+02 1.019457e+02
8.423587e+01 1.139710e+02
1.269075e+02 9.806577e+01
1.247648e+02 9.640584e+01
1.013692e+02 7.412745e+01
1.035926e+02 7.943867e+01
1.143601e+02 9.868152e+01
8.327190e+01 1.213290e+02
1.156046e+02 1.008867e+02
8.390029e+01 1.141346e+02
1.130543e+02 1.013555e+02
1.033416e+02 6.974816e+01
9.620915e+01 6.593792e+01
1.193373e+02 9.929566e+01
8.701033e+01 1.125982e+02
8.338905e+01 1.165805e+02
1.249393e+02 9.902099e+01
1.156358e+02 9.764872e+01
8.513755e+01 1.126642e+02
1.212548e+02 9.869148e+01
8.692580e+01 1.126068e+02
1.105709e+02 1.006196e+02
1.198531e+02 1.018151e+02
8.766337e+01 1.152761e+02
8.463028e+01 1.131313e+02
8.863783e+01 1.169478e+02
7.950373e+01 1.129061e+02
8.372637e+01 1.097467e+02
8.519566e+01 1.136553e+02
8.175563e+01 1.092385e+02
1.194097e+02 1.012130e+02
1.161441e+02 1.006925e+02
8.631969e+01 1.180768e+02
8.210261e+01 1.111425e+02
1.211993e+02 9.927970e+01
9.824298e+01 6.645792e+01
1.216343e+02 1.001934e+02
1.176212e+02 9.896719e+01
9.354566e+01 1.130508e+02
8.694990e+01 1.156548e+02
1.146248e+02 1.036701e+02
1.157420e+02 9.844219e+01
8.520908e+01 1.099054e+02
9.548920e+01 8.222063e+01
8.362007e+01 1.089310e+02
1.203293e+02 9.964686e+01
8.302021e+01 1.160641e+02
1.146077e+02 1.016497e+02
1.026268e+02 7.065438e+01
1.225671e+02 1.014574e+02
1.349621e+02 9.690087e+01
8.581248e+01 1.175988e+02
8.985028e+01 1.120156e+02
8.833257e+01 1.157372e+02
8.511701e+01 1.186903e+02
8.379777e+01 1.170776e+02
8.565003e+01 1.094500e+02
1.204534e+02 1.008738e+02
1.121149e+02 1.032855e+02
1.201546e+02 1.011009e+02
1.146251e+02 1.019653e+02
1.181291e+02 9.971005e+01
1.217356e+02 1.018747e+02
1.192993e+02 1.009576e+02
1.208765e+02 9.639189e+01
8.577169e+01 1.145944e+02
1.265251e+02 1.000965e+02
9.835925e+01 7.412124e+01
1.192648e+02 9.958051e+01
8.156731e+01 1.162539e+02
1.130221e+02 9.883560e+01
1.188553e+02 9.869656e+01
1.269959e+02 1.008422e+02
8.456189e+01 1.167802e+02
9.963052e+01 7.588131e+01
8.535330e+01 1.123974e+02
8.638249e+01 1.148931e+02
1.193425e+02 1.005176e+02
8.709056e+01 1.124390e+02
1.150506e+02 1.009197e+02
1.118555e+02 9.964640e+01
1.178850e+02 9.691233e+01
8.373644e+01 1.094977e+02
1.190158e+02 9.988624e+01
1.257391e+02 9.998665e+01
8.123220e+01 1.111192e+02
8.517027e+01 1.100875e+02
1.173285e+02 9.843614e+01
8.658246e+01 1.127779e+02
1.187868e+02 9.758384e+01
9.995050e+01 7.484666e+01
8.353900e+01 1.133223e+02
1.178963e+02 1.000562e+02
9.177838e+01 1.098368e+02
1.124263e+02 1.027041e+02
8.088527e+01 1.117396e+02
8.512768e+01 1.093572e+02
1.135915e+02 9.859304e+01
7.804864e+01 1.132024e+02
8.407589e+01 1.149712e+02
8.955800e+01 1.161562e+02
8.910843e+01 1.065587e+02
1.188118e+02 1.011394e+02
1.001898e+02 7.003185e+01
1.158477e+02 1.027273e+02
1.250632e+02 9.809533e+01
8.397367e+01 1.071337e+02
8.904083e+01 1.056755e+02
1.182038e+02 1.001406e+02
8.490691e+01 1.130649e+02
9.165609e+01 1.155746e+02
1.200334e+02 9.943420e+01
9.640617e+01 7.516974e+01
1.077930e+02 9.962806e+01
8.649155e+01 1.169079e+02
7.825964e+01 1.154101e+02
8.537622e+01 1.147726e+02
8.837513e+01 1.107564e+02
1.216081e+02 9.959163e+01
7.972569e+01 1.129517e+02
1.175203e+02 1.020754e+02
8.822970e+01 1.123397e+02
1.159316e+02 9.849932e+01
1.164488e+02 9.836769e+01
8.410069e+01 1.088234e+02
1.095758e+02 1.028326e+02
1.151249e+02 1.030815e+02
1.267932e+02 9.863406e+01
8.479883e+01 1.181670e+02
8.457071e+01 1.136922e+02
7.886089e+01 1.150428e+02
8.026539e+01 1.137747e+02
1.177551e+02 1.003684e+02
1.171084e+02 1.020745e+02
1.124109e+02 1.019207e+02
9.818634e+01 8.197919e+01
8.600300e+01 1.115646e+02
1.119898e+02 9.780920e+01
8.413343e+01 1.170691e+02
8.539343e+01 1.071486e+02
8.542389e+01 1.060294e+02
8.868282e+01 1.114596e+02
8.440362e+01 1.110648e+02
1.192399e+02 1.004599e+02
8.352959e+01 1.126462e+02
8.346608e+01 1.111867e+02
1.164102e+02 1.018133e+02
9.814399e+01 7.698027e+01
8.564256e+01 1.117821e+02
8.822155e+01 1.139719e+02
1.193579e+02 1.009186e+02
8.363833e+01 1.115651e+02
8.715108e+01 1.087259e+02
1.166624e+02 1.003622e+02
8.293171e+01 1.107693e+02
1.127138e+02 9.801701e+01
8.554279e+01 1.125709e+02
8.565099e+01 1.129804e+02
1.075891e+02 9.995479e+01
1.238441e+02 1.003210e+02
1.210825e+02 9.989894e+01
7.777225e+01 1.111327e+02
8.721215e+01 1.179116e+02
8.136074e+01 1.135379e+02
1.023888e+02 7.278728e+01
1.195082e+02 9.875654e+01
1.098828e+02 1.011509e+02
7.895044e+01 1.081357e+02
8.519065e+01 1.106961e+02
8.118136e+01 1.137096e+02
8.745783e+01 1.139759e+02
8.968707e+01 1.126716e+02
8.513136e+01 1.144255e+02
1.219784e+02 9.752631e+01
1.039003e+02 6.801029e+01
1.061807e+02 9.963073e+01
1.208206e+02 9.892210e+01
9.799313e+01 7.876184e+01
8.479870e+01 1.076555e+02
1.191413e+02 1.005537e+02
1.148687e+02 1.013207e+02
8.406274e+01 1.139106e+02
1.007947e+02 6.794187e+01
1.188165e+02 9.999226e+01
1.203238e+02 9.793807e+01
8.721720e+01 1.121447e+02
8.819073e+01 1.162957e+02
8.808936e+01 1.165831e+02
9.137918e+01 1.124893e+02
1.289196e+02 9.952044e+01
8.686304e+01 1.082204e+02
1.168501e+02 1.018209e+02
1.175961e+02 1.016540e+02
9.118171e+01 1.114953e+02
1.179142e+02 9.756120e+01
8.612432e+01 1.160859e+02
8.782682e+01 1.180576e+02
1.035502e+02 7.418521e+01
8.859926e+01 1.078302e+02
1.189123e+02 9.855315e+01
1.253043e+02 1.006312e+02
1.145748e+02 1.000263e+02
1.198005e+02 9.755022e+01
8.586772e+01 1.114109e+02
1.210633e+02 9.898495e+01
8.853408e+01 1.119564e+02
1.198106e+02 9.829765e+01
1.133924e+02 1.006586e+02
8.759281e+01 1.123519e+02
1.125710e+02 1.006241e+02
1.238293e+02 9.857686e+01
8.693538e+01 1.080138e+02
1.214679e+02 9.948969e+01
8.552325e+01 1.144956e+02
9.342284e+01 8.051720e+01
9.027156e+01 1.104536e+02
1.012779e+02 7.534220e+01
1.208321e+02 9.902787e+01
8.663024e+01 1.140854e+02
1.119542e+02 9.823310e+01
9.093044e+01 1.117670e+02
1.244788e+02 1.025912e+02
8.618944e+01 1.155571e+02
1.110772e+02 1.029639e+02
9.103582e+01 1.157988e+02
9.056355e+01 1.081574e+02
1.222274e+02 1.022808e+02
1.204402e+02 9.852832e+01
1.014018e+02 7.557942e+01
1.204643e+02 9.964948e+01
8.533142e+01 1.101644e+02
8.328326e+01 1.139603e+02
8.838781e+01 1.137720e+02
8.650680e+01 1.141629e+02
7.754111e+01 1.083546e+02
8.312902e+01 1.121333e+02
1.197406e+02 9.984065e+01
8.872379e+01 1.089652e+02
1.218974e+02 9.725078e+01
1.149388e+02 9.839857e+01
8.871745e+01 1.103155e+02
8.214304e+01 1.135666e+02
1.117669e+02 1.002463e+02
8.493007e+01 1.156824e+02
8.416636e+01 1.151543e+02
8.261101e+01 1.158542e+02
8.630041e+01 1.142851e+02
1.180051e+02 1.004442e+02
8.227061e+01 1.180285e+02
8.331718e+01 1.120303e+02
8.617512e+01 1.101556e+02
8.219771e+01 1.092708e+02
1.214645e+02 9.851124e+01
8.956146e+01 1.108463e+02
1.132466e+02 9.996126e+01
8.322004e+01 1.213084e+02
8.403026e+01 1.135857e+02
1.242167e+02 1.005555e+02
1.278960e+02 9.931010e+01
8.572832e+01 1.178848e+02
8.833345e+01 1.154222e+02
1.008091e+02 7.606063e+01
1.140126e+02 1.009504e+02
1.120011e+02 1.044228e+02
8.622464e+01 1.108299e+02
1.145390e+02 1.019982e+02
8.316119e+01 1.141363e+02
8.322553e+01 1.109846e+02
8.142463e+01 1.152914e+02
8.278976e+01 1.058477e+02
9.893479e+01 7.853228e+01
8.456003e+01 1.145864e+02
8.863217e+01 1.058848e+02
8.456796e+01 1.140539e+02
9.042989e+01 1.120205e+02
9.757309e+01 7.234172e+01
1.103792e+02 1.050366e+02
1.218546e+02 1.022764e+02
1.247889e+02 9.971442e+01
1.202175e+02 1.004378e+02
1.204843e+02 9.853449e+01
8.932974e+01 1.094785e+02
1.178070e+02 1.014345e+02
1.098839e+02 1.026857e+02
1.161786e+02 9.760692e+01
1.188778e+02 9.991653e+01
8.645007e+01 1.066199e+02
9.240266e+01 7.041624e+01
8.610112e+01 1.162238e+02
8.189811e+01 1.077490e+02
8.764199e+01 1.122777e+02
1.209023e+02 9.923993e+01
1.140153e+02 1.037234e+02
8.263493e+01 1.162381e+02
1.032708e+02 6.475247e+01
8.589070e+01 1.149174e+02
8.908127e+01 1.132526e+02
8.592371e+01 1.081647e+02
8.800156e+01 1.112156e+02
8.645058e+01 1.169042e+02
8.267998e+01 1.083935e+02
1.152173e+02 1.024007e+02
8.392105e+01 1.126539e+02
8.326194e+01 1.087301e+02
8.653854e+01 1.117651e+02
8.414629e+01 1.125185e+02
8.232836e+01 1.191877e+02
8.299561e+01 1.142886e+02
1.139420e+02 9.868640e+01
1.154767e+02 1.020428e+02
1.246012e+02 9.847891e+01
8.989235e+01 1.142152e+02
8.606175e+01 1.142930e+02
1.184488e+02 9.928882e+01
9.203798e+01 1.109039e+02
1.136700e+02 1.026288e+02
8.647584e+01 1.120290e+02
1.234334e+02 1.005076e+02
1.202965e+02 9.709834e+01
1.152918e+02 9.870648e+01
1.026244e+02 7.813630e+01
8.529055e+01 1.122851e+02
1.039101e+02 7.459341e+01
1.165641e+02 1.006003e+02
1.156111e+02 1.023476e+02
8.591009e+01 1.103996e+02
1.128103e+02 1.007288e+02
1.167322e+02 1.005006e+02
7.650883e+01 1.156719e+02
1.139024e+02 1.014143e+02
1.112363e+02 9.918661e+01
1.272231e+02 1.004697e+02
1.160667e+02 9.988794e+01
8.908078e+01 1.172000e+02
8.486546e+01 1.080694e+02
8.262802e+01 1.063084e+02
1.186131e+02 9.948248e+01
8.924811e+01 1.139015e+02
8.755080e+01 1.151782e+02
1.232882e+02 1.014460e+02
8.596690e+01 1.097498e+02
8.496200e+01 1.146516e+02
8.574669e+01 1.163895e+02
1.214542e+02 9.925520e+01
1.165913e+02 1.041811e+02
8.403147e+01 1.135762e+02
8.322080e+01 1.131668e+02
9.041958e+01 1.154721e+02
8.416132e+01 1.155418e+02
9.845276e+01 7.261095e+01
8.353010e+01 1.111638e+02
1.154623e+02 9.987143e+01
8.734372e+01 1.108046e+02
1.197331e+02 1.040924e+02
1.139514e+02 1.004582e+02
1.189621e+02 1.040914e+02
1.126939e+02 1.006592e+02
8.418119e+01 1.087168e+02
1.128798e+02 9.939615e+01
1.151024e+02 1.028069e+02
1.029936e+02 7.194140e+01
8.298982e+01 1.114054e+02
1.018461e+02 7.712630e+01
1.264249e+02 9.665548e+01
8.709132e+01 1.108101e+02
8.374220e+01 1.130610e+02
8.807726e+01 1.102164e+02
8.679054e+01 1.149331e+02
1.126343e+02 1.016415e+02
1.118186e+02 9.935171e+01
1.157818e+02 9.768054e+01
8.561481e+01 1.158107e+02
1.186440e+02 9.714809e+01
8.338627e+01 1.066302e+02
1.211196e+02 9.947546e+01
1.073187e+02 1.040005e+02
8.790961e+01 1.089143e+02
1.192487e+02 9.841898e+01
9.129271e+01 1.149116e+02
8.731853e+01 1.129872e+02
7.647151e+01 1.166183e+02
1.200399e+02 9.925127e+01
8.612374e+01 1.121040e+02
1.248292e+02 1.000953e+02
8.618796e+01 1.149409e+02
1.219893e+02 1.001974e+02
1.154493e+02 9.826244e+01
1.158981e+02 9.706882e+01
1.239772e+02 1.005709e+02
9.932348e+01 7.181933e+01
1.149664e+02 9.716403e+01
1.208905e+02 9.845088e+01
8.352835e+01 1.095576e+02
1.131266e+02 1.005247e+02
8.755887e+01 1.111691e+02
1.022436e+02 7.388897e+01
1.178517e+02 9.814936e+01
8.622411e+01 1.115719e+02
1.186817e+02 1.005825e+02
1.177680e+02 9.963261e+01
8.016523e+01 1.098423e+02
1.231978e+02 9.824345e+01
9.839168e+01 7.084394e+01
9.189820e+01 1.131655e+02
8.594129e+01 1.113621e+02
1.260305e+02 9.948758e+01
8.546437e+01 1.136102e+02
8.875402e+01 1.077599e+02
1.151550e+02 1.009066e+02
8.580207e+01 1.118130e+02
8.490121e+01 1.155009e+02
1.146388e+02 1.005462e+02
1.151548e+02 9.975889e+01
8.637014e+01 1.139393e+02
8.574521e+01 1.119807e+02
1.236710e+02 9.951415e+01
8.577008e+01 1.114302e+02
1.140076e+02 1.015106e+02
1.172709e+02 1.019478e+02
1.212637e+02 1.002033e+02
8.304973e+01 1.124502e+02
1.205815e+02 1.008748e+02
1.029189e+02 7.153635e+01
8.568585e+01 1.113545e+02
7.789309e+01 1.123676e+02
8.471081e+01 1.115897e+02
9.160318e+01 1.155275e+02
8.925354e+01 1.104504e+02
8.766463e+01 1.196667e+02
1.024969e+02 7.363007e+01
8.942409e+01 1.131896e+02
8.576265e+01 1.127134e+02
8.790078e+01 1.206805e+02
1.144157e+02 9.821715e+01
8.409080e+01 1.164417e+02
8.510651e+01 1.179803e+02
1.105863e+02 1.021889e+02
8.729108e+01 1.149819e+02
8.696164e+01 1.109707e+02
1.173976e+02 1.000275e+02
1.047709e+02 7.211683e+01
1.110981e+02 1.014467e+02
8.753381e+01 1.056346e+02
1.243675e+02 9.863871e+01
1.211099e+02 1.013824e+02
1.299424e+02 1.015841e+02
9.291141e+01 1.152752e+02
1.117579e+02 9.990137e+01
1.202238e+02 1.019011e+02
8.557929e+01 1.121733e+02
7.875225e+01 1.150146e+02
1.202852e+02 1.023107e+02
1.223204e+02 1.008977e+02
1.141867e+02 1.005304e+02
1.169251e+02 9.914928e+01
8.333200e+01 1.168766e+02
1.226557e+02 1.016617e+02
1.188771e+02 9.961707e+01
1.147118e+02 1.011799e+02
8.200981e+01 1.126903e+02
8.365444e+01 1.170499e+02
8.722066e+01 1.158189e+02
1.002764e+02 7.714637e+01
1.230360e+02 1.007949e+02
1.145667e+02 1.011812e+02
8.577974e+01 1.056450e+02
1.168882e+02 1.024569e+02
1.128982e+02 9.948511e+01
9.361058e+01 7.333334e+01
1.235016e+02 1.004131e+02
8.198177e+01 1.148274e+02
8.464915e+01 1.132682e+02
1.188141e+02 1.025467e+02
1.261920e+02 1.008216e+02
8.328386e+01 1.094202e+02
8.333635e+01 1.212543e+02
8.664049e+01 1.137134e+02
8.351108e+01 1.108967e+02
1.153608e+02 1.001351e+02
1.196882e+02 9.768992e+01
9.504500e+01 7.594179e+01
1.215963e+02 9.890460e+01
8.253641e+01 1.126914e+02
9.036721e+01 1.167335e+02
8.726621e+01 1.199078e+02
1.133920e+02 1.011108e+02
8.789116e+01 1.060388e+02
9.049935e+01 1.182724e+02
1.193533e+02 9.997643e+01
8.529768e+01 1.161392e+02
7.770037e+01 1.147415e+02
1.188798e+02 1.004159e+02
1.213406e+02 1.013015e+02
8.533658e+01 1.078127e+02
8.426665e+01 1.123365e+02
1.139478e+02 9.834053e+01
9.165054e+01 1.105275e+02
1.278691e+02 9.524852e+01
1.109105e+02 1.002114e+02
7.805672e+01 1.168994e+02
8.298132e+01 1.156045e+02
9.087248e+01 1.070085e+02
1.053817e+02 7.258947e+01
1.173325e+02 9.781324e+01
1.225910e+02 9.902049e+01
8.802721e+01 1.095428e+02
8.037868e+01 1.151529e+02
1.005267e+02 7.116893e+01
1.210993e+02 1.016646e+02
1.152831e+02 9.857851e+01
7.936397e+01 1.073701e+02
1.154863e+02 9.553704e+01
8.108200e+01 1.080891e+02
1.235008e+02 1.030512e+02
8.655715e+01 1.121419e+02
1.150268e+02 1.014031e+02
8.236675e+01 1.182550e+02
1.159283e+02 1.016930e+02
1.187768e+02 1.033908e+02
8.210106e+01 1.168570e+02
1.266744e+02 9.832595e+01
8.306396e+01 1.096182e+02
8.019595e+01 1.057805e+02
9.041469e+01 1.075979e+02
8.000165e+01 1.157672e+02
8.272408e+01 1.149435e+02
1.173678e+02 9.991127e+01
8.523921e+01 1.075790e+02
1.196512e+02 1.000981e+02
1.174682e+02 1.020151e+02
8.261650e+01 1.175159e+02
9.502908e+01 7.221705e+01
1.012292e+02 7.691914e+01
1.113754e+02 9.969264e+01
9.715781e+01 7.342023e+01
1.116681e+02 9.918433e+01
8.416618e+01 1.084620e+02
8.688375e+01 1.139433e+02
9.981011e+01 7.544112e+01
8.579765e+01 1.179096e+02
8.100016e+01 1.126575e+02
8.272876e+01 1.113850e+02
1.204060e+02 1.016777e+02
8.604769e+01 1.125188e+02
8.341316e+01 1.114729e+02
1.177507e+02 9.896234e+01
1.161136e+02 1.007925e+02
8.749730e+01 1.103026e+02
7.982999e+01 1.126319e+02
1.113147e+02 9.859468e+01
1.096020e+02 1.003771e+02
1.156028e+02 9.842546e+01
8.979977e+01 1.071375e+02
9.903787e+01 7.473698e+01
1.187932e+02 1.017816e+02
1.137913e+02 9.799434e+01
1.180850e+02 9.961598e+01
8.234289e+01 1.153457e+02
8.431546e+01 1.141295e+02
8.508240e+01 1.148934e+02
7.445749e+01 1.157985e+02
8.177475e+01 1.061223e+02
1.180635e+02 9.935970e+01
1.131183e+02 1.011058e+02
1.115749e+02 1.017738e+02
1.229137e+02 9.777428e+01
1.226245e+02 1.005742e+02
1.226704e+02 9.812407e+01
8.765165e+01 1.111134e+02
9.806136e+01 7.094703e+01
1.122806e+02 1.004837e+02
8.783870e+01 1.129757e+02
1.131935e+02 9.841199e+01
8.222863e+01 1.141590e+02
1.185691e+02 1.007968e+02
1.207390e+02 9.842592e+01
8.633854e+01 1.121178e+02
8.521350e+01 1.136697e+02
7.790053e+01 1.157785e+02
1.237413e+02 1.012189e+02
1.123930e+02 1.031790e+02
8.430353e+01 1.160510e+02
1.195620e+02 9.907053e+01
1.193176e+02 9.842221e+01
8.704630e+01 1.145733e+02
1.107175e+02 9.879291e+01
1.001125e+02 8.584131e+01
1.171887e+02 9.957035e+01
1.221596e+02 9.566563e+01
1.198940e+02 1.029212e+02
1.288263e+02 9.892525e+01
8.377902e+01 1.119884e+02
8.688777e+01 1.121686e+02
1.123861e+02 9.659324e+01
1.170399e+02 9.706880e+01
1.211549e+02 9.941738e+01
1.219713e+02 9.686940e+01
9.900675e+01 7.239860e+01
1.202969e+02 1.007649e+02
8.647306e+01 1.153714e+02
8.660668e+01 1.013066e+02
1.040483e+02 7.726350e+01
1.222605e+02 9.965837e+01
8.459243e+01 1.096542e+02
8.421445e+01 1.214048e+02
8.082339e+01 1.074510e+02
8.584542e+01 1.090002e+02
1.045900e+02 7.468930e+01
1.152317e+02 1.044227e+02
8.457475e+01 1.223158e+02
8.940381e+01 1.100654e+02
1.169474e+02 1.015767e+02
9.997426e+01 7.161569e+01
7.787891e+01 1.128291e+02
8.208049e+01 1.130940e+02
9.536705e+01 7.472330e+01
8.515320e+01 1.103161e+02
1.166458e+02 9.972413e+01
1.199642e+02 1.017935e+02
1.022648e+02 6.786185e+01
1.257260e+02 9.902768e+01
1.200059e+02 9.826396e+01
8.175892e+01 1.074084e+02
1.237373e+02 1.009270e+02
1.191173e+02 9.835616e+01
1.248460e+02 1.002752e+02
1.177818e+02 1.008395e+02
1.111734e+02 1.016264e+02
1.174260e+02 9.822503e+01
1.214908e+02 9.654775e+01
9.980555e+01 7.294006e+01
8.166742e+01 1.155514e+02
1.240621e+02 9.761562e+01
8.663720e+01 1.134436e+02
8.856770e+01 1.111581e+02
1.204698e+02 1.011187e+02
1.015427e+02 8.408898e+01
1.161835e+02 9.867205e+01
1.170874e+02 9.745873e+01
8.954352e+01 1.114505e+02
8.954570e+01 1.226876e+02
1.191979e+02 9.933700e+01
1.248139e+02 9.709425e+01
1.290958e+02 9.821564e+01
1.020687e+02 7.530893e+01
8.643850e+01 1.187284e+02
1.177467e+02 9.821664e+01
1.028717e+02 7.515017e+01
1.178404e+02 1.024398e+02
8.567707e+01 1.139178e+02
1.180450e+02 9.932845e+01
8.455885e+01 1.162624e+02
8.621647e+01 1.176237e+02
8.433817e+01 1.082617e+02
8.523875e+01 1.075747e+02
8.290563e+01 1.135926e+02
8.257070e+01 1.186596e+02
1.177815e+02 9.904897e+01
8.539810e+01 1.157857e+02
8.276486e+01 1.076416e+02
8.467645e+01 1.149471e+02
8.502189e+01 1.050270e+02
8.592725e+01 1.137330e+02
8.644933e+01 1.111281e+02
1.008120e+02 7.616940e+01
1.241469e+02 9.744728e+01
8.434264e+01 1.090965e+02
8.529676e+01 1.138471e+02
8.393044e+01 1.069076e+02
8.100530e+01 1.160093e+02
8.680100e+01 1.137144e+02
1.228114e+02 9.968729e+01
1.029520e+02 7.018235e+01
8.411321e+01 1.046007e+02
8.417898e+01 1.117789e+02
8.261878e+01 1.177917e+02
8.289962e+01 1.135679e+02
8.412682e+01 1.154289e+02
8.388547e+01 1.126760e+02
8.143384e+01 1.181771e+02
1.172268e+02 9.713277e+01
8.167640e+01 1.141961e+02
8.351909e+01 1.146890e+02
1.117357e+02 1.016098e+02
8.530020e+01 1.125383e+02
7.910998e+01 1.149953e+02
9.560075e+01 7.273909e+01
1.130128e+02 1.039104e+02
8.298968e+01 1.103710e+02
8.462719e+01 1.108401e+02
8.885619e+01 1.102614e+02
1.163436e+02 9.858902e+01
8.190889e+01 1.163594e+02
8.920427e+01 1.101589e+02
8.513424e+01 1.129875e+02
8.557058e+01 1.204463e+02
1.196902e+02 9.882124e+01
1.184351e+02 9.892191e+01
8.588272e+01 1.157614e+02
1.134265e+02 1.002770e+02
1.222635e+02 9.653910e+01
1.263578e+02 9.763712e+01
9.859566e+01 7.226690e+01
1.190588e+02 9.944296e+01
1.225120e+02 9.877966e+01
1.162070e+02 9.963307e+01
8.306296e+01 1.086855e+02
8.998560e+01 1.140756e+02
8.801402e+01 1.132189e+02
1.187901e+02 9.860131e+01
1.199731e+02 1.025530e+02
8.379664e+01 1.107161e+02
1.156468e+02 9.993423e+01
8.267158e+01 1.193723e+02
8.138212e+01 1.084491e+02
1.298008e+02 1.015903e+02
1.222314e+02 9.834418e+01
8.081681e+01 1.093568e+02
1.262392e+02 1.006334e+02
9.486917e+01 7.359564e+01
8.807079e+01 1.151313e+02
8.508888e+01 1.129862e+02
1.065685e+02 1.012593e+02
8.520878e+01 1.136100e+02
1.056402e+02 1.049357e+02
1.150588e+02 1.006972e+02
1.235504e+02 9.462228e+01
8.072867e+01 1.106177e+02
1.215671e+02 1.033505e+02
1.128347e+02 9.859138e+01
1.216845e+02 9.748526e+01
8.782899e+01 1.053696e+02
1.237827e+02 9.854247e+01
1.225980e+02 9.857043e+01
8.453267e+01 1.152201e+02
1.143338e+02 9.977485e+01
1.214791e+02 9.765038e+01
1.133590e+02 1.007710e+02
1.141405e+02 1.006277e+02
1.040493e+02 6.985036e+01
8.253354e+01 1.086336e+02
1.130081e+02 1.011096e+02
1.216521e+02 9.691729e+01
1.180661e+02 1.019265e+02
8.222491e+01 1.062649e+02
1.215987e+02 9.986491e+01
1.249748e+02 9.810166e+01
7.994641e+01 1.148581e+02
1.084457e+02 1.025674e+02
1.060035e+02 7.333356e+01
1.186333e+02 1.043568e+02
1.189014e+02 9.835040e+01
1.162298e+02 1.011870e+02
8.427352e+01 1.115871e+02
9.043261e+01 1.122832e+02
1.189212e+02 1.025644e+02
1.033722e+02 7.567257e+01
1.049065e+02 1.055742e+02
8.610024e+01 1.130163e+02
8.214572e+01 1.149392e+02
8.101011e+01 1.133823e+02
8.341945e+01 1.163699e+02
1.230197e+02 9.978780e+01
8.493298e+01 1.140366e+02
1.184570e+02 9.883310e+01
1.206263e+02 1.006520e+02
1.243734e+02 1.004396e+02
1.132793e+02 1.006309e+02
1.211769e+02 1.006644e+02
1.173957e+02 1.007297e+02
1.218596e+02 9.884847e+01
9.015096e+01 1.117305e+02
1.149897e+02 9.905591e+01
8.607289e+01 1.176034e+02
1.111910e+02 1.010621e+02
1.105803e+02 1.025477e+02
1.166948e+02 9.865940e+01
8.031382e+01 1.131370e+02
7.959087e+01 1.180322e+02
8.684467e+01 1.084020e+02
1.219105e+02 1.001939e+02
1.159789e+02 9.830717e+01
1.136943e+02 1.013427e+02
1.194063e+02 1.010283e+02
9.111798e+01 1.139216e+02
8.440160e+01 1.108488e+02
8.523643e+01 1.098947e+02
1.124924e+02 9.958322e+01
8.378188e+01 1.125888e+02
1.162848e+02 1.009080e+02
9.271048e+01 7.226276e+01
1.261621e+02 9.584241e+01
1.036647e+02 7.035782e+01
1.192274e+02 9.892455e+01
1.151671e+02 9.924574e+01
1.248027e+02 9.788473e+01
8.229236e+01 1.105481e+02
8.260067e+01 1.126709e+02
8.898783e+01 1.129065e+02
8.952848e+01 1.126821e+02
1.198050e+02 9.925840e+01
1.138604e+02 1.016053e+02
1.233311e+02 1.006065e+02
9.844887e+01 7.367761e+01
8.556585e+01 1.178697e+02
1.147382e+02 9.863991e+01
8.905486e+01 1.140723e+02
8.259316e+01 1.102423e+02
8.662969e+01 1.074246e+02
1.123470e+02 1.018285e+02
1.134458e+02 9.903212e+01
1.226882e+02 9.806848e+01
1.243597e+02 1.007001e+02
8.497351e+01 1.129269e+02
1.166811e+02 9.995154e+01
8.761489e+01 1.134088e+02
8.881920e+01 1.167933e+02
9.936494e+01 7.343177e+01
8.308844e+01 1.122134e+02
8.385397e+01 1.102090e+02
1.182921e+02 1.024687e+02
1.151034e+02 1.005573e+02
8.795325e+01 1.096181e+02
1.182686e+02 1.004821e+02
1.111342e+02 1.017993e+02
8.849021e+01 1.150878e+02
1.259883e+02 9.834416e+01
1.006966e+02 7.463238e+01
8.749092e+01 1.132690e+02
1.188081e+02 1.013091e+02
8.230865e+01 1.100449e+02
1.194242e+02 9.925772e+01
8.051459e+01 1.177938e+02
8.712859e+01 1.153292e+02
1.168212e+02 1.022375e+02
8.897674e+01 1.115677e+02
1.220744e+02 9.520620e+01
9.126693e+01 1.168473e+02
8.767637e+01 1.160654e+02
8.245497e+01 1.154647e+02
8.915892e+01 1.117528e+02
1.205990e+02 1.035697e+02
8.535315e+01 1.129276e+02
1.080133e+02 1.031608e+02
8.385240e+01 1.152028e+02
